wall -6.76783 5.32445 0
wall -6.76783 4.32445 0
wall -6.76783 3.32445 0
wall -6.76783 2.32445 0
wall -6.76783 1.32445 0
wall -6.76783 0.324453 0
wall -6.76783 -0.675547 0
wall -6.76783 -1.67555 0
wall -6.76783 -2.67555 0
wall -7.76783 -2.67555 0
wall -7.76783 -3.67555 0
wall -7.76783 -4.67555 0
wall -7.76783 -5.67555 0
wall -7.76783 -6.67555 0
wall -7.76783 -7.67555 0
wall -6.76783 -7.67555 0
wall -5.76783 -7.67555 0
wall -4.76783 -7.67555 0
wall -3.76783 -7.67555 0
wall -2.76783 -7.67555 0
wall -1.76783 -7.67555 0
wall -0.767828 -7.67555 0
wall 0.232172 -7.67555 0
wall 1.23217 -7.67555 0
wall 2.23217 -7.67555 0
wall 3.23217 -7.67555 0
wall 4.23217 -7.67555 0
wall 4.23217 -6.67555 0
wall 4.23217 -5.67555 0
wall 4.23217 -4.67555 0
wall 4.23217 -3.67555 0
wall 4.23217 -2.67555 0
wall 4.23217 -1.67555 0
wall 4.23217 -0.675547 0
wall 4.23217 0.324453 0
wall 4.23217 1.32445 0
wall 4.23217 2.32445 0
wall 4.23217 3.32445 0
wall 4.23217 4.32445 0
wall -19.0205 6.38293 0
wall -20.0205 6.38293 0
wall 7.83913 12.9647 0
wall 3.76881 11.6079 0
wall 2.76881 11.6079 0
